1.303370605500000056e+04
1.281821093800000017e+04
1.229640136700000039e+04
1.268917578099999992e+04
1.156515429699999913e+04
1.292856640599999992e+04
1.282902441399999952e+04
1.241964160199999969e+04
1.266541113299999961e+04
1.249792773400000078e+04
1.300303613299999961e+04
1.183167285199999969e+04
1.204724706999999944e+04
1.301048144499999944e+04
1.288554589800000031e+04
1.141388476599999922e+04
1.256394726599999922e+04
1.227935058600000048e+04
1.298715234400000008e+04
1.270441601599999922e+04
1.199459765599999992e+04
1.262986328099999992e+04
1.304487402300000031e+04
1.276545410199999969e+04
1.276817089800000031e+04
1.290728613299999961e+04
1.316786230500000056e+04
1.189800390599999992e+04
1.166028222699999969e+04
1.161235644499999944e+04
1.215786816399999952e+04
1.291893554699999913e+04
1.278741894499999944e+04
1.204739550799999961e+04
1.227292968800000017e+04
1.163182128899999952e+04
1.161757617199999913e+04
1.194584081999999944e+04
1.228624218800000017e+04
1.256584863299999961e+04
1.102319433600000048e+04
1.193751660199999969e+04
1.213281250000000000e+04
1.213873828099999992e+04
1.091729003899999952e+04
1.276205175799999961e+04
1.115857714800000031e+04
1.188047949200000039e+04
1.232591210900000078e+04
1.097230078099999992e+04
1.302527539099999922e+04
1.277846581999999944e+04
1.269722265599999992e+04
1.072275097699999969e+04
1.294754980500000056e+04
1.227071679699999913e+04
1.220731640599999992e+04
1.315022070300000087e+04
1.160337793000000056e+04
1.242377636700000039e+04
1.164706445300000087e+04
1.232319628899999952e+04
1.099370605500000056e+04
1.248636230500000056e+04
1.183975683600000048e+04
1.313577050799999961e+04
1.116359277300000031e+04
1.113052539099999922e+04
1.255175000000000000e+04
1.229530956999999944e+04
1.230215527300000031e+04
1.204546777300000031e+04
1.280845996100000048e+04
1.253323046900000008e+04
1.300287011700000039e+04
1.284950195300000087e+04
1.180744628899999952e+04
1.243029296900000008e+04
1.076026464800000031e+04
1.166835253899999952e+04
1.058710937500000000e+04
1.108751367199999913e+04
1.231092480500000056e+04
1.210266308600000048e+04
1.199550390599999992e+04
1.107205566399999952e+04
1.289485742199999913e+04
1.208505566399999952e+04
1.215662206999999944e+04
1.242737597699999969e+04
1.205167773400000078e+04
1.286807324200000039e+04
1.201254980500000056e+04
1.121984765599999992e+04
1.225958691399999952e+04
1.218660546900000008e+04
1.175741406199999983e+04
1.263635449200000039e+04
1.095272460900000078e+04
1.133902148400000078e+04
1.198828027300000031e+04
1.246155956999999944e+04
1.242100293000000056e+04
1.301433203099999992e+04
1.131977539099999922e+04
1.185014648400000078e+04
1.185805078099999992e+04
1.175161328099999992e+04
1.125040820300000087e+04
1.255069335900000078e+04
1.233109472699999969e+04
1.175058496100000048e+04
1.242327441399999952e+04
1.221614257800000087e+04
1.312317382800000087e+04
1.227119140599999992e+04
1.157962890599999992e+04
1.164055078099999992e+04
1.207589257800000087e+04
1.245500488299999961e+04
1.158930371100000048e+04
1.124115722699999969e+04
1.146016015599999992e+04
1.281454003899999952e+04
1.201590234400000008e+04
1.234543456999999944e+04
1.248430956999999944e+04
1.166736035199999969e+04
1.231559863299999961e+04
1.169469433600000048e+04
1.183630956999999944e+04
1.114607226599999922e+04
1.299840820300000087e+04
1.191574121100000048e+04
1.286800781199999983e+04
1.272730859400000008e+04
1.278113378899999952e+04
1.055386718800000017e+04
1.139080273400000078e+04
1.125681640599999992e+04
1.201891113299999961e+04
1.209800390599999992e+04
1.196588769499999944e+04
1.218800195300000087e+04
1.139074902300000031e+04
1.175945019499999944e+04
1.264176074200000039e+04
1.118394921900000008e+04
1.216262304699999913e+04
1.264851074200000039e+04
1.077237304699999913e+04
1.266115429699999913e+04
1.062528906199999983e+04
1.097418164099999922e+04
1.177591796900000008e+04
1.187076562500000000e+04
1.248024609400000008e+04
1.292081640599999992e+04
1.170953320300000087e+04
1.096644628899999952e+04
1.213721386700000039e+04
1.166068750000000000e+04
1.175100781199999983e+04
1.062699218800000017e+04
1.290397265599999992e+04
1.115240625000000000e+04
1.090774218800000017e+04
1.220629980500000056e+04
1.195940331999999944e+04
1.107231543000000056e+04
1.221378320300000087e+04
1.247784277300000031e+04
1.113909179699999913e+04
1.142720996100000048e+04
1.040031445300000087e+04
1.055356640599999992e+04
1.187124511700000039e+04
1.276818164099999922e+04
1.247903515599999992e+04
1.191355175799999961e+04
1.065500781199999983e+04
1.296296679699999913e+04
1.151912988299999961e+04
1.095222656199999983e+04
1.279789453099999992e+04
1.242055566399999952e+04
1.184825781199999983e+04
1.253948828099999992e+04
1.200899218800000017e+04
1.273432128899999952e+04
1.123891796900000008e+04
1.262487695300000087e+04
1.107972656199999983e+04
1.113524218800000017e+04
1.333501367199999913e+04
1.219555956999999944e+04
1.223891113299999961e+04
1.034155371100000048e+04
1.152962695300000087e+04
1.121459179699999913e+04
1.152936621100000048e+04
1.291178808600000048e+04
1.191658789099999922e+04
1.316161035199999969e+04
1.299911523400000078e+04
1.167733105500000056e+04
1.131980078099999992e+04
1.253189257800000087e+04
1.203870800799999961e+04
1.226858984400000008e+04
1.158676464800000031e+04
1.211829394499999944e+04
1.194808984400000008e+04
1.182096777300000031e+04
1.128302929699999913e+04
1.127365039099999922e+04
1.181048437500000000e+04
1.267449511700000039e+04
1.306091015599999992e+04
1.185837304699999913e+04
1.047108984400000008e+04
1.085439257800000087e+04
1.148832031199999983e+04
1.163085058600000048e+04
1.264715625000000000e+04
1.024292675799999961e+04
1.218596679699999913e+04
1.085878515599999992e+04
1.289612304699999913e+04
1.127089648400000078e+04
1.207773828099999992e+04
1.209300878899999952e+04
1.141834081999999944e+04
1.181008007800000087e+04
1.204955664099999922e+04
1.093303906199999983e+04
1.231118847699999969e+04
1.251013867199999913e+04
1.185694531199999983e+04
1.130387793000000056e+04
1.046640331999999944e+04
1.172562304699999913e+04
1.057704589800000031e+04
1.125407324200000039e+04
1.071849121100000048e+04
1.020243359400000008e+04
1.180889355500000056e+04
1.316736230500000056e+04
1.291945117199999913e+04
1.163710156199999983e+04
1.184010449200000039e+04
1.162326367199999913e+04
1.008041015599999992e+04
1.235871093800000017e+04
1.151872949200000039e+04
1.236400488299999961e+04
1.269976757800000087e+04
1.207545410199999969e+04
1.178839941399999952e+04
1.118676562500000000e+04
1.235520898400000078e+04
1.137676269499999944e+04
1.180303515599999992e+04
1.224395996100000048e+04
1.169437011700000039e+04
1.301858789099999922e+04
1.110820019499999944e+04
1.055596093800000017e+04
1.080580371100000048e+04
1.151962206999999944e+04
1.094476855500000056e+04
1.307303515599999992e+04
1.174328906199999983e+04
9.895812500000000000e+03
1.143592675799999961e+04
1.261470117199999913e+04
1.238571191399999952e+04
1.099388378899999952e+04
1.194867871100000048e+04
1.063127343800000017e+04
1.103179882800000087e+04
1.016365429699999913e+04
1.150488183600000048e+04
1.053651953099999992e+04
1.182119628899999952e+04
1.022254980500000056e+04
1.262119531199999983e+04
1.293073144499999944e+04
1.219874804699999913e+04
1.268011718800000017e+04
1.141311328099999992e+04
1.054412695300000087e+04
1.228194140599999992e+04
1.170077148400000078e+04
1.231177441399999952e+04
1.008691210900000078e+04
1.257977246100000048e+04
1.255243554699999913e+04
1.093362109400000008e+04
1.241277539099999922e+04
