1.269835937500000000e+04
1.184860839800000031e+04
1.102522070300000087e+04
1.248990625000000000e+04
1.208495507800000087e+04
1.162913183600000048e+04
1.134806933600000048e+04
9.729106444999999439e+03
1.137888476599999922e+04
1.193154199200000039e+04
1.177395605500000056e+04
1.198717968800000017e+04
1.038674121100000048e+04
1.245882421900000008e+04
1.030875976599999922e+04
9.675599609000000783e+03
1.023710937500000000e+04
1.173682910199999969e+04
1.211552343800000017e+04
9.354789061999999831e+03
1.146556250000000000e+04
9.564476561999999831e+03
1.235677343800000017e+04
9.713427734000000783e+03
1.040402441399999952e+04
9.577791015999999217e+03
1.248180371100000048e+04
1.097808886700000039e+04
1.005191796900000008e+04
1.288800195300000087e+04
1.125887011700000039e+04
1.059886132800000087e+04
1.125202441399999952e+04
1.012726074200000039e+04
9.669122069999999439e+03
1.073231738299999961e+04
7.737917969000000085e+03
9.354928711000000476e+03
9.362959961000000476e+03
8.374795898000000307e+03
1.163843359400000008e+04
9.296068359000000783e+03
1.080780859400000008e+04
7.730839355000000069e+03
9.651457030999999915e+03
1.029264257800000087e+04
8.680158203000000867e+03
8.529032226999999693e+03
8.583308594000000085e+03
1.056389160199999969e+04
8.952846680000000561e+03
8.711459961000000476e+03
9.743711913999999524e+03
8.320802734000000783e+03
9.012583007999999609e+03
1.066295410199999969e+04
8.966792969000000085e+03
8.105520507999999609e+03
8.973268555000000561e+03
8.666334961000000476e+03
8.763865234000000783e+03
1.216419238299999961e+04
1.084580273400000078e+04
9.406136719000000085e+03
1.254145605500000056e+04
1.117554394499999944e+04
8.813464844000000085e+03
9.024592773000000307e+03
1.036421972699999969e+04
1.010780273400000078e+04
1.094989062500000000e+04
1.031792675799999961e+04
8.973000000000000000e+03
1.002790039099999922e+04
1.104808398400000078e+04
1.148519921900000008e+04
8.711975586000000476e+03
1.030985839800000031e+04
9.444011719000000085e+03
7.837348144999999931e+03
9.994485351999999693e+03
1.150467285199999969e+04
7.516412597999999889e+03
9.709003905999999915e+03
8.175334960999999566e+03
8.250566405999999915e+03
9.370906250000000000e+03
1.027066796900000008e+04
9.801996094000000085e+03
8.068437500000000000e+03
6.648989746000000196e+03
7.860753905999999915e+03
9.900347655999999915e+03
7.907236815999999635e+03
7.770148925999999847e+03
8.912446288999999524e+03
9.865778319999999439e+03
1.097851953099999992e+04
7.909248534999999720e+03
7.106229980000000069e+03
9.862156250000000000e+03
9.425699219000000085e+03
8.301445311999999831e+03
1.056187304699999913e+04
1.035431445300000087e+04
9.478688476999999693e+03
1.190575683600000048e+04
7.713150391000000127e+03
8.071947266000000127e+03
7.572401367000000391e+03
8.593366211000000476e+03
1.230341210900000078e+04
1.213210937500000000e+04
9.261438476999999693e+03
1.019535156199999983e+04
9.335825194999999439e+03
8.492978515999999217e+03
1.034003515599999992e+04
7.714158202999999958e+03
7.648382811999999831e+03
7.755198730000000069e+03
7.341282715000000280e+03
7.882484862999999677e+03
6.694903809000000365e+03
6.539431641000000127e+03
7.255982422000000042e+03
9.289230469000000085e+03
9.565246094000000085e+03
8.627738280999999915e+03
1.195013867199999913e+04
9.933743163999999524e+03
7.610456543000000238e+03
7.229611815999999635e+03
8.245365234000000783e+03
9.730483398000000307e+03
8.803931640999999217e+03
7.503277831999999762e+03
9.307871094000000085e+03
7.792498534999999720e+03
1.146700000000000000e+04
1.034827148400000078e+04
9.626358398000000307e+03
7.493753905999999915e+03
8.786351561999999831e+03
6.792049804999999651e+03
7.772990722999999889e+03
1.023546581999999944e+04
7.475001952999999958e+03
1.035383496100000048e+04
9.977274413999999524e+03
7.469345215000000280e+03
1.091541796900000008e+04
7.730975585999999566e+03
9.106323242000000391e+03
6.686898438000000169e+03
8.485968750000000000e+03
1.208789746100000048e+04
9.596015625000000000e+03
7.858047851999999693e+03
8.327225586000000476e+03
9.632873046999999133e+03
1.139739648400000078e+04
7.876972168000000238e+03
8.833123046999999133e+03
7.878728516000000127e+03
8.373274413999999524e+03
6.968297362999999677e+03
8.648460938000000169e+03
7.320045898000000307e+03
7.119787597999999889e+03
6.021814940999999635e+03
7.631844237999999677e+03
9.958738280999999915e+03
8.186046387000000323e+03
9.395107421999999133e+03
9.379474609000000783e+03
7.235979003999999804e+03
1.096745117199999913e+04
7.475862793000000238e+03
1.040418750000000000e+04
8.530959961000000476e+03
7.675177246000000196e+03
8.271400390999999217e+03
8.639090819999999439e+03
7.751533202999999958e+03
7.702379882999999609e+03
9.460743163999999524e+03
7.539092284999999720e+03
5.945516601999999693e+03
8.217260742000000391e+03
7.171749512000000323e+03
6.927411621000000196e+03
9.465568359000000783e+03
8.948220703000000867e+03
6.520776855000000069e+03
7.757618652000000111e+03
7.635416503999999804e+03
7.830349608999999873e+03
5.340350097999999889e+03
6.011080077999999958e+03
8.707384765999999217e+03
6.432070311999999831e+03
8.438259765999999217e+03
7.405594237999999677e+03
8.986712890999999217e+03
9.607130859000000783e+03
9.055786132999999609e+03
7.840491210999999566e+03
1.039860839800000031e+04
6.010952148000000307e+03
7.292962891000000127e+03
5.271857422000000042e+03
6.723916992000000391e+03
7.817018065999999635e+03
7.378792969000000085e+03
5.935505371000000196e+03
5.441638184000000365e+03
6.015343750000000000e+03
6.555785155999999915e+03
6.534803222999999889e+03
7.153355469000000085e+03
6.205425293000000238e+03
9.490344726999999693e+03
7.052744628999999804e+03
5.483079101999999693e+03
7.723488769999999931e+03
6.412106445000000349e+03
6.061341797000000042e+03
9.656405273000000307e+03
7.127223144999999931e+03
6.462280273000000307e+03
8.493445311999999831e+03
7.768664550999999847e+03
8.538067382999999609e+03
7.681001952999999958e+03
7.085516601999999693e+03
6.393655273000000307e+03
9.332911132999999609e+03
7.526395019999999931e+03
1.130345410199999969e+04
5.683724608999999873e+03
7.886858887000000323e+03
7.065499023000000307e+03
8.104138672000000042e+03
6.750470702999999958e+03
1.173674902300000031e+04
7.272817382999999609e+03
8.190511230000000069e+03
6.915425780999999915e+03
7.865531250000000000e+03
9.318620117000000391e+03
8.533909180000000561e+03
6.390545898000000307e+03
6.589371581999999762e+03
6.364979492000000391e+03
6.703722168000000238e+03
7.410415039000000434e+03
7.189558105000000069e+03
1.165141601599999922e+04
9.561158203000000867e+03
8.114628418000000238e+03
6.290635742000000391e+03
6.497893065999999635e+03
9.150831055000000561e+03
5.392100097999999889e+03
8.518658203000000867e+03
6.274420898000000307e+03
7.983190429999999651e+03
6.703936523000000307e+03
5.464082030999999915e+03
9.692526367000000391e+03
7.744942871000000196e+03
5.691845702999999958e+03
6.823264648000000307e+03
7.356806152000000111e+03
5.862463378999999804e+03
4.667052733999999873e+03
1.131804980500000056e+04
7.218171387000000323e+03
6.116072753999999804e+03
5.984473632999999609e+03
7.309217284999999720e+03
4.848205077999999958e+03
6.757230469000000085e+03
5.752676757999999609e+03
6.625560059000000365e+03
6.878773438000000169e+03
9.159208984000000783e+03
4.762886719000000085e+03
4.623022949000000153e+03
5.175328125000000000e+03
6.287576172000000042e+03
1.119622851599999922e+04
4.947012206999999762e+03
5.953088378999999804e+03
6.149892090000000280e+03
6.452128418000000238e+03
5.536868164000000434e+03
8.581729492000000391e+03
7.407497070000000349e+03
1.057670898400000078e+04
5.823236327999999958e+03
6.927333983999999873e+03
8.407397461000000476e+03
5.216476561999999831e+03
7.134556641000000127e+03
7.145740722999999889e+03
7.872937500000000000e+03
8.532054688000000169e+03
7.858336914000000434e+03
7.064354980000000069e+03
5.571861327999999958e+03
5.137632811999999831e+03
6.125286621000000196e+03
5.513793945000000349e+03
6.805029297000000042e+03
6.440677246000000196e+03
1.003906250000000000e+04
1.205874902300000031e+04
6.464083007999999609e+03
6.015185547000000042e+03
1.120716796900000008e+04
6.872689940999999635e+03
6.886484862999999677e+03
6.581513672000000042e+03
7.254741210999999566e+03
7.963534179999999651e+03
7.913350097999999889e+03
9.881620117000000391e+03
1.085915625000000000e+04
9.206389648000000307e+03
7.690488769999999931e+03
5.826458983999999873e+03
7.174041016000000127e+03
9.008040038999999524e+03
6.819671387000000323e+03
4.957943358999999873e+03
6.683651367000000391e+03
6.229735840000000280e+03
8.284876953000000867e+03
8.074746094000000085e+03
7.365283202999999958e+03
7.352038574000000153e+03
1.241544140599999992e+04
6.255974121000000196e+03
7.469156737999999677e+03
6.461763672000000042e+03
1.252837695300000087e+04
5.717320800999999847e+03
5.805211425999999847e+03
