1.162630761700000039e+04
1.211972753899999952e+04
1.117933398400000078e+04
1.269645800799999961e+04
1.115485546900000008e+04
1.176915136700000039e+04
1.016810253899999952e+04
1.023612402300000031e+04
1.052744921900000008e+04
1.176700683600000048e+04
1.049112988299999961e+04
1.218539453099999992e+04
1.064331640599999992e+04
1.112713476599999922e+04
1.151131152300000031e+04
1.230724902300000031e+04
1.098373339800000031e+04
1.135564160199999969e+04
1.088128808600000048e+04
1.065919726599999922e+04
1.195762206999999944e+04
1.193435839800000031e+04
1.104338867199999913e+04
1.035197265599999992e+04
1.053138867199999913e+04
1.133957812500000000e+04
1.003046093800000017e+04
1.013984375000000000e+04
1.176440722699999969e+04
1.205811914099999922e+04
1.076106738299999961e+04
1.040900976599999922e+04
1.263585156199999983e+04
1.043002929699999913e+04
1.056329980500000056e+04
1.142208203099999992e+04
1.143617187500000000e+04
1.076586621100000048e+04
1.018778710900000078e+04
1.022156347699999969e+04
1.045555761700000039e+04
1.058420019499999944e+04
1.203379003899999952e+04
1.152991308600000048e+04
1.220150000000000000e+04
1.210671191399999952e+04
1.125408593800000017e+04
1.284114941399999952e+04
1.004399511700000039e+04
1.083113183600000048e+04
1.011962500000000000e+04
1.008195996100000048e+04
1.174689550799999961e+04
1.056274414099999922e+04
1.203887793000000056e+04
1.062872558600000048e+04
9.836745117000000391e+03
1.165078906199999983e+04
1.011761425799999961e+04
1.105028515599999992e+04
9.593112305000000561e+03
9.759155273000000307e+03
1.086983789099999922e+04
9.883708984000000783e+03
9.507450194999999439e+03
9.987830078000000867e+03
1.095073828099999992e+04
1.004484668000000056e+04
1.017814453099999992e+04
1.127598535199999969e+04
1.013004101599999922e+04
1.124894531199999983e+04
9.691169921999999133e+03
9.616497069999999439e+03
9.471660155999999915e+03
1.167461621100000048e+04
1.138033886700000039e+04
1.134659179699999913e+04
1.157461230500000056e+04
1.071667578099999992e+04
9.428821288999999524e+03
9.754932617000000391e+03
1.011008496100000048e+04
1.261981640599999992e+04
9.578369140999999217e+03
1.016120996100000048e+04
9.190885742000000391e+03
1.064482031199999983e+04
9.457982421999999133e+03
1.027979296900000008e+04
9.734625976999999693e+03
1.009719335900000078e+04
1.066591992199999913e+04
1.091086621100000048e+04
1.064984472699999969e+04
1.127271386700000039e+04
9.324874023000000307e+03
1.089420996100000048e+04
9.985793944999999439e+03
9.708482421999999133e+03
9.622621094000000085e+03
1.126479003899999952e+04
9.229124023000000307e+03
8.814836913999999524e+03
9.677302734000000783e+03
1.082350878899999952e+04
9.198231444999999439e+03
9.285218750000000000e+03
1.021207714800000031e+04
1.050278125000000000e+04
1.117719043000000056e+04
8.878160155999999915e+03
1.095395117199999913e+04
1.178239550799999961e+04
8.688558594000000085e+03
1.023505956999999944e+04
9.871108398000000307e+03
1.035366015599999992e+04
8.503680663999999524e+03
1.241998339800000031e+04
1.044668750000000000e+04
1.071889257800000087e+04
8.636376953000000867e+03
1.026254199200000039e+04
9.836650390999999217e+03
8.826445311999999831e+03
9.506561523000000307e+03
9.108087890999999217e+03
8.853286132999999609e+03
9.944884765999999217e+03
1.034215918000000056e+04
8.547360351999999693e+03
9.103305663999999524e+03
9.047875000000000000e+03
8.923583007999999609e+03
8.883061523000000307e+03
8.946439453000000867e+03
1.016956543000000056e+04
1.076808007800000087e+04
9.492992188000000169e+03
1.046549218800000017e+04
8.679832030999999915e+03
8.626284180000000561e+03
9.943258788999999524e+03
8.973550780999999915e+03
9.235589844000000085e+03
8.091699706999999762e+03
1.107282128899999952e+04
9.235983398000000307e+03
8.475134765999999217e+03
8.464323242000000391e+03
9.768698242000000391e+03
1.018074121100000048e+04
8.896505859000000783e+03
9.747796875000000000e+03
8.750979492000000391e+03
8.291074219000000085e+03
1.163863476599999922e+04
9.529372069999999439e+03
8.605047851999999693e+03
8.171234862999999677e+03
9.786736328000000867e+03
1.026225683600000048e+04
8.468796875000000000e+03
8.597666015999999217e+03
1.004742871100000048e+04
8.516239257999999609e+03
9.523500976999999693e+03
9.199296875000000000e+03
1.077459277300000031e+04
7.988860840000000280e+03
1.036012597699999969e+04
1.179792675799999961e+04
9.955916992000000391e+03
9.465934569999999439e+03
7.685235840000000280e+03
9.621291015999999217e+03
9.759223632999999609e+03
1.068410644499999944e+04
1.021642285199999969e+04
8.168333496000000196e+03
9.077447265999999217e+03
8.840928711000000476e+03
1.053277148400000078e+04
9.087101561999999831e+03
9.639859375000000000e+03
8.867838867000000391e+03
9.809125000000000000e+03
7.801213867000000391e+03
9.549092773000000307e+03
7.978994141000000127e+03
7.149520507999999609e+03
1.008902539099999922e+04
7.590668945000000349e+03
8.511531250000000000e+03
9.289325194999999439e+03
7.340839844000000085e+03
7.763192871000000196e+03
8.314165038999999524e+03
7.772562012000000323e+03
9.026571288999999524e+03
8.719843750000000000e+03
8.048167969000000085e+03
8.011828612999999677e+03
1.068220605500000056e+04
8.595806640999999217e+03
8.549632811999999831e+03
8.245867188000000169e+03
1.042629687500000000e+04
8.935025390999999217e+03
7.398837402000000111e+03
7.970047851999999693e+03
9.730874023000000307e+03
8.789515625000000000e+03
8.418163086000000476e+03
9.940555663999999524e+03
8.473415038999999524e+03
9.268765625000000000e+03
8.033038085999999566e+03
8.816724609000000783e+03
8.446049805000000561e+03
8.308431640999999217e+03
8.815934569999999439e+03
7.438825684000000365e+03
7.639651367000000391e+03
7.750584960999999566e+03
8.043939940999999635e+03
9.020108398000000307e+03
8.667502930000000561e+03
7.621175780999999915e+03
8.488910155999999915e+03
9.057037109000000783e+03
8.041779297000000042e+03
6.929338378999999804e+03
8.119211914000000434e+03
7.623471679999999651e+03
9.459045898000000307e+03
7.741253905999999915e+03
8.765884765999999217e+03
8.568600586000000476e+03
7.206032715000000280e+03
7.533574706999999762e+03
8.729883788999999524e+03
7.063865722999999889e+03
7.501144043000000238e+03
8.772479492000000391e+03
8.004479003999999804e+03
7.964621094000000085e+03
6.740614746000000196e+03
7.115626952999999958e+03
